cam0:
  cam_overlaps: []
  camera_model: pinhole
  distortion_coeffs: [-0.2381782167462807, 0.05646081560152526, -0.0003467479021140279, 0.00047299570028701607]
  distortion_model: radtan
  intrinsics: [897.8868869016944, 896.1310057442599, 936.5736771040449, 550.1887362281377]
  resolution: [1920, 1080]
  rostopic: main_camera/image_raw/compressed
