cam0:
  T_cam_imu:
  - [-0.9988849307364144, -0.034717983529035115, -0.031993073740804685, 0.0005039900045437203]
  - [0.03162719021668425, 0.011037370187979205, -0.9994387911714901, 0.00018913916527794262]
  - [0.03505161888849916, -0.9993361987234373, -0.009927030486719309, -0.0011366002008655737]
  - [0.0, 0.0, 0.0, 1.0]
  cam_overlaps: []
  camera_model: pinhole
  distortion_coeffs: [-0.22797702554591365, 0.04297964637588014, -0.003167787923447312, -0.0013060058687414102]
  distortion_model: radtan
  intrinsics: [893.3149009508599, 889.3274923539389, 947.7697374809693, 548.3116379777523]
  resolution: [1920, 1080]
  rostopic: main_camera/image_raw/compressed
  timeshift_cam_imu: -0.28926012296869774
