# GoPro10 variant
###### Camera Calibration File For Cam 0 of GoPro10 Datasets ######
image_width: 1920
image_height: 1080
camera_name: cam0
camera_matrix:
  rows: 3
  cols: 3
  data: [924.9002220826125, 0.0, 971.983607118159, 0.0, 927.195383849364, 543.2454849385609, 0.0, 0.0, 1.0]
distortion_model: plumb_bob
distortion_coefficients:
  rows: 1
  cols: 5
  data: [-0.25549009418453755, 0.07870126975820206, 0.0004154634130364496, -0.002559717791810973, 0.0]
